Level	TabIndex	ControlIndex	TableID	Caption	AlignTop	AlignLeft	Height	Width	FontName	FontSize	FontBold	FontItalic	FontColor	Color	ImageFileName	TableImage	TableImageFileType	LayoutModeType	TableName	TakeOut	Delivery	Online	StayOn	ApplySpecialPricing	SpecialPricingRate	BellNumber	StationID	OnlineOrderCompanyID	AccessPermissionRequired
0	0	0	0	Sushi Hama      	0	0	0	0	Arial	12	1	0	-16777208	12632256				1		0	0	0	0	0	0	0	0	0	0
1	0	0	202	TakeOut #2	22	775	110	110	Arial	14	1	0	-16777208	8454016				1	TakeOut #2	1	0	0	0	0	0	0	0	0	0
1	0	1	204	TakeOut #4	137	659	110	110	Arial	14	1	0	-16777208	8454016				1	TakeOut #4	1	0	0	0	0	0	0	0	0	0
1	0	2	206	TakeOut #6	137	890	110	110	Arial	14	1	0	-16777208	8454016				1	TakeOut #6	1	0	0	0	0	0	0	0	0	0
1	0	3	205	TakeOut #5	137	775	110	110	Arial	14	1	0	-16777208	8454016				1	TakeOut #5	1	0	0	0	0	0	0	0	0	0
1	0	4	207	TakeOut #7	252	659	110	110	Arial	14	1	0	-16777208	8454016				1	TakeOut #7	1	0	0	0	0	0	0	0	0	0
1	0	5	209	TakeOut #9	252	890	110	110	Arial	14	1	0	-16777208	8454016				1	TakeOut #9	1	0	0	0	0	0	0	0	0	0
1	0	6	208	TakeOut #8	252	775	110	110	Arial	14	1	0	-16777208	8454016				1	TakeOut #8	1	0	0	0	0	0	0	0	0	0
1	0	7	210	TakeOut #10	367	659	110	110	Arial	14	1	0	-16777208	8454016				1	TakeOut #10	1	0	0	0	0	0	0	0	0	0
1	0	8	212	TakeOut #12	367	890	110	110	Arial	14	1	0	-16777208	8454016				1	TakeOut #12	1	0	0	0	0	0	0	0	0	0
1	0	9	211	TakeOut #11	367	775	110	110	Arial	14	1	0	-16777208	8454016				1	TakeOut #11	1	0	0	0	0	0	0	0	0	0
1	0	10	214	TakeOut #14	482	775	110	110	Arial	14	1	0	-16777208	8454016				1	TakeOut #14	1	0	0	0	0	0	0	0	0	0
1	0	11	215	TakeOut #15	482	890	110	110	Arial	14	1	0	-16777208	8454016				1	TakeOut #15	1	0	0	0	0	0	0	0	0	0
1	0	12	213	TakeOut #13	482	659	110	110	Arial	14	1	0	-16777208	8454016				1	TakeOut #13	1	0	0	0	0	0	0	0	0	0
1	0	13	201	TakeOut #1	22	659	110	110	Arial	14	1	0	-16777208	8454016				1	TakeOut #1	1	0	0	0	0	0	0	0	0	0
1	0	14	203	TakeOut #3	22	890	110	110	Arial	14	1	0	-16777208	8454016				1	TakeOut #3	1	0	0	0	0	0	0	0	0	0
1	0	15	0		5	625	622	20	Arial	12	1	0	-16777208	0				1		0	0	0	0	0	0	0	0	0	0
1	0	16	16	T 4	92	74	85	100	Arial	14	1	0	-16777208	16749973				1	T 4	0	0	0	0	0	0	0	0	0	0
1	0	17	3	T 7	5	522	85	100	Arial	14	1	0	-16777208	16749973				1	T 7	0	0	0	0	0	0	0	0	0	0
1	0	18	5	T 10	189	522	85	100	Arial	14	1	0	-16777208	16749973				1	T 10	0	0	0	0	0	0	0	0	0	0
1	0	19	9	T 11	280	522	85	100	Arial	14	1	0	-16777208	16749973				1	T 11	0	0	0	0	0	0	0	0	0	0
1	0	20	12	T 12	368	522	85	100	Arial	14	1	0	-16777208	16749973				1	T 12	0	0	0	0	0	0	0	0	0	0
1	0	21	8	T 14	545	522	85	100	Arial	14	1	0	-16777208	16749973				1	T 14	0	0	0	0	0	0	0	0	0	0
1	0	22	11	T 13	456	522	85	100	Arial	14	1	0	-16777208	16749973				1	T 13	0	0	0	0	0	0	0	0	0	0
1	0	23	6	T 8	96	522	85	100	Arial	14	1	0	-16777208	16749973				1	T 8	0	0	0	0	0	0	0	0	0	0
1	0	24	2	T 9	96	420	85	100	Arial	14	1	0	-16777208	16749973				1	T 9	0	0	0	0	0	0	0	0	0	0
1	0	25	7	T 18	210	322	85	100	Arial	14	1	0	-16777208	16749973				1	T 18	0	0	0	0	0	0	0	0	0	0
1	0	26	20	T 19	210	215	85	100	Arial	14	1	0	-16777208	16749973				1	T 19	0	0	0	0	0	0	0	0	0	0
1	0	27	19	T 17	306	322	85	100	Arial	14	1	0	-16777208	16749973				1	T 17	0	0	0	0	0	0	0	0	0	0
1	0	28	4	T 20	306	215	85	100	Arial	14	1	0	-16777208	16749973				1	T 20	0	0	0	0	0	0	0	0	0	0
1	0	29	10	T 16	408	270	85	100	Arial	14	1	0	-16777208	16749973				1	T 16	0	0	0	0	0	0	0	0	0	0
1	0	30	18	T 15	506	270	85	100	Arial	14	1	0	-16777208	16749973				1	T 15	0	0	0	0	0	0	0	0	0	0
1	0	31	1	T 6	39	267	85	100	Arial	14	1	0	-16777208	16749973				1	T 6	0	0	0	0	0	0	0	0	0	0
1	0	32	15	T 3	180	74	76	100	Arial	14	1	0	-16777208	16749973				1	T 3	0	0	0	0	0	0	0	0	0	0
1	0	33	13	T 1	345	9	85	100	Arial	14	1	0	-16777208	16749973				1	T 1	0	0	0	0	0	0	0	0	0	0
1	0	34	17	T 5	4	74	85	100	Arial	14	1	0	-16777208	16749973				1	T 5	0	0	0	0	0	0	0	0	0	0
1	0	35	14	T 2	258	74	85	100	Arial	14	1	0	-16777208	16749973				1	T 2	0	0	0	0	0	0	0	0	0	0
0	1	0	0	Patio             	0	0	0	0	Arial	12	1	0	-16777208	12632256				1		0	0	0	0	0	0	0	0	0	0
1	1	0	23	Patio 2	116	264	100	120	Arial	12	1	0	-16777208	15858602				1	Patio 2	0	0	0	0	0	0	0	0	0	0
1	1	1	24	Patio 3	116	388	100	120	Arial	12	1	0	-16777208	15858602				1	Patio 3	0	0	0	0	0	0	0	0	0	0
1	1	2	26	Patio 5	116	636	100	120	Arial	12	1	0	-16777208	15858602				1	Patio 5	0	0	0	0	0	0	0	0	0	0
1	1	3	22	Patio 6	116	762	100	120	Arial	12	1	0	-16777208	15858602				1	Patio 6	0	0	0	0	0	0	0	0	0	0
1	1	4	25	Patio 4	116	512	100	120	Arial	12	1	0	-16777208	15858602				1	Patio 4	0	0	0	0	0	0	0	0	0	0
1	1	5	21	Patio 1	116	138	100	120	Arial	12	1	0	-16777208	15858602				1	Patio 1	0	0	0	0	0	0	0	0	0	0
