Level	TabIndex	ControlIndex	TableID	Caption	AlignTop	AlignLeft	Height	Width	FontName	FontSize	FontBold	FontItalic	FontColor	Color	ImageFileName	TableImage	TableImageFileType	LayoutModeType	TableName	TakeOut	Delivery	Online	StayOn	ApplySpecialPricing	SpecialPricingRate	BellNumber	StationID	OnlineOrderCompanyID	AccessPermissionRequired	AppliedUnitPriceType
0	0	0	0	>>> Dine In <<< 	0	0	0	0	Arial	12	1	0	-16777208	12632256				1		0	0	0	0	0	0	0	0	0	0	1
1	0	0	0		390	0	239	150	Arial	12	1	0	-16777208	0				1		0	0	0	0	0	0	0	0	0	0	1
1	0	1	2	Table
#B	2	598	80	120	Arial	14	1	0	-16777208	8454143				1	Table #B	0	0	0	0	0	0	0	0	0	0	1
1	0	2	3	Table
#C	2	746	80	120	Arial	14	1	0	-16777208	8454143				1	Table #C	0	0	0	0	0	0	0	0	0	0	1
1	0	3	5	Table
#E	90	598	80	120	Arial	14	1	0	-16777208	8454143				1	Table #E	0	0	0	0	0	0	0	0	0	0	1
1	0	4	4	Table
#F	90	447	80	120	Arial	14	1	0	-16777208	8454143				1	Table #F	0	0	0	0	0	0	0	0	0	0	1
1	0	5	7	Table
#1	312	0	60	150	Arial	14	1	0	-16777208	16758711				1	Table #1	0	0	0	0	0	0	0	0	0	0	1
1	0	6	6	Table
#D	90	746	80	120	Arial	14	1	0	-16777208	8454143				1	Table #D	0	0	0	0	0	0	0	0	0	0	1
1	0	7	8	Table
#2	197	376	60	150	Arial	14	1	0	-16777208	16758711				1	Table #2	0	0	0	0	0	0	0	0	0	0	1
1	0	8	9	Table
#3	267	373	60	215	Arial	14	1	0	-16777208	16758711				1	Table #3	0	0	0	0	0	0	0	0	0	0	1
1	0	9	13	Table
#13	361	435	60	150	Arial	14	1	0	-16777208	16758711				1	Table #13	0	0	0	0	0	0	0	0	0	0	1
1	0	10	12	Table
#12	361	590	60	150	Arial	14	1	0	-16777208	16758711				1	Table #12	0	0	0	0	0	0	0	0	0	0	1
1	0	11	11	Table
#11	425	590	60	150	Arial	14	1	0	-16777208	16758711				1	Table #11	0	0	0	0	0	0	0	0	0	0	1
1	0	12	14	Table
#14	425	435	60	150	Arial	14	1	0	-16777208	16758711				1	Table #14	0	0	0	0	0	0	0	0	0	0	1
1	0	13	10	Table
#10	517	510	60	150	Arial	14	1	0	-16777208	16758711				1	Table #10	0	0	0	0	0	0	0	0	0	0	1
1	0	14	1	Table
#A	2	447	80	120	Arial	14	1	0	-16777208	8454143				1	Table #A	0	0	0	0	0	0	0	0	0	0	1
1	0	15	17	Table
#5	271	823	65	140	Arial	14	1	0	-16777208	16758711				1	Table #5	0	0	0	0	0	0	0	0	0	0	1
1	0	16	18	Table
#6	340	823	65	140	Arial	14	1	0	-16777208	16758711				1	Table #6	0	0	0	0	0	0	0	0	0	0	1
1	0	17	19	Table
#7	409	823	65	140	Arial	14	1	0	-16777208	16758711				1	Table #7	0	0	0	0	0	0	0	0	0	0	1
1	0	18	20	Table
#8	478	823	65	140	Arial	14	1	0	-16777208	16758711				1	Table #8	0	0	0	0	0	0	0	0	0	0	1
1	0	19	15	Table
#9	547	823	65	140	Arial	14	1	0	-16777208	16758711				1	Table #9	0	0	0	0	0	0	0	0	0	0	1
1	0	20	16	Table
#4	202	823	65	140	Arial	14	1	0	-16777208	16758711				1	Table #4	0	0	0	0	0	0	0	0	0	0	1
1	0	21	0		197	0	98	150	Arial	12	1	0	-16777208	0				1		0	0	0	0	0	0	0	0	0	0	1
1	0	22	0		175	0	15	1022	Arial	12	1	0	-16777208	0				1		0	0	0	0	0	0	0	0	0	0	1
0	1	0	0	>>> Take Out <<< 	0	0	0	0	Arial	12	1	0	-16777208	12632256				1		0	0	0	0	0	0	0	0	0	0	1
1	1	0	202	Take Out
#2	7	140	120	120	Arial	12	1	0	-16777208	8454016				1	Take Out #2	1	0	0	0	0	0	0	0	0	0	1
1	1	1	203	Take Out
#3	7	265	120	120	Arial	12	1	0	-16777208	8454016				1	Take Out #3	1	0	0	0	0	0	0	0	0	0	1
1	1	2	204	Take Out
#4	7	390	120	120	Arial	12	1	0	-16777208	8454016				1	Take Out #4	1	0	0	0	0	0	0	0	0	0	1
1	1	3	205	Take Out
#5	7	515	120	120	Arial	12	1	0	-16777208	8454016				1	Take Out #5	1	0	0	0	0	0	0	0	0	0	1
1	1	4	206	Take Out
#6	7	640	120	120	Arial	12	1	0	-16777208	8454016				1	Take Out #6	1	0	0	0	0	0	0	0	0	0	1
1	1	5	207	Take Out
#7	7	765	120	120	Arial	12	1	0	-16777208	8454016				1	Take Out #7	1	0	0	0	0	0	0	0	0	0	1
1	1	6	208	Take Out
#8	7	890	120	120	Arial	12	1	0	-16777208	8454016				1	Take Out #8	1	0	0	0	0	0	0	0	0	0	1
1	1	7	209	Take Out
#9	131	15	120	120	Arial	12	1	0	-16777208	8454016				1	Take Out #9	1	0	0	0	0	0	0	0	0	0	1
1	1	8	210	Take Out
#10	131	140	120	120	Arial	12	1	0	-16777208	8454016				1	Take Out #10	1	0	0	0	0	0	0	0	0	0	1
1	1	9	211	Take Out
#11	131	265	120	120	Arial	12	1	0	-16777208	8454016				1	Take Out #11	1	0	0	0	0	0	0	0	0	0	1
1	1	10	212	Take Out
#12	131	390	120	120	Arial	12	1	0	-16777208	8454016				1	Take Out #12	1	0	0	0	0	0	0	0	0	0	1
1	1	11	213	Take Out
#13	131	515	120	120	Arial	12	1	0	-16777208	8454016				1	Take Out #13	1	0	0	0	0	0	0	0	0	0	1
1	1	12	214	Take Out
#14	131	640	120	120	Arial	12	1	0	-16777208	8454016				1	Take Out #14	1	0	0	0	0	0	0	0	0	0	1
1	1	13	215	Take Out
#15	131	765	120	120	Arial	12	1	0	-16777208	8454016				1	Take Out #15	1	0	0	0	0	0	0	0	0	0	1
1	1	14	216	Take Out
#16	131	890	120	120	Arial	12	1	0	-16777208	8454016				1	Take Out #16	1	0	0	0	0	0	0	0	0	0	1
1	1	15	217	Take Out
#17	255	15	120	120	Arial	12	1	0	-16777208	8454016				1	Take Out #17	1	0	0	0	0	0	0	0	0	0	1
1	1	16	218	Take Out
#18	255	140	120	120	Arial	12	1	0	-16777208	8454016				1	Take Out #18	1	0	0	0	0	0	0	0	0	0	1
1	1	17	219	Take Out
#19	255	265	120	120	Arial	12	1	0	-16777208	8454016				1	Take Out #19	1	0	0	0	0	0	0	0	0	0	1
1	1	18	220	Take Out
#20	255	390	120	120	Arial	12	1	0	-16777208	8454016				1	Take Out #20	1	0	0	0	0	0	0	0	0	0	1
1	1	19	221	Take Out
#21	255	515	120	120	Arial	12	1	0	-16777208	8454016				1	Take Out #21	1	0	0	0	0	0	0	0	0	0	1
1	1	20	222	Take Out
#22	255	640	120	120	Arial	12	1	0	-16777208	8454016				1	Take Out #22	1	0	0	0	0	0	0	0	0	0	1
1	1	21	223	Take Out
#23	255	765	120	120	Arial	12	1	0	-16777208	8454016				1	Take Out #23	1	0	0	0	0	0	0	0	0	0	1
1	1	22	224	Take Out
#24	255	890	120	120	Arial	12	1	0	-16777208	8454016				1	Take Out #24	1	0	0	0	0	0	0	0	0	0	1
1	1	23	225	Take Out
#25	379	15	120	120	Arial	12	1	0	-16777208	8454016				1	Take Out #25	1	0	0	0	0	0	0	0	0	0	1
1	1	24	226	Take Out
#26	379	140	120	120	Arial	12	1	0	-16777208	8454016				1	Take Out #26	1	0	0	0	0	0	0	0	0	0	1
1	1	25	227	Take Out
#27	379	265	120	120	Arial	12	1	0	-16777208	8454016				1	Take Out #27	1	0	0	0	0	0	0	0	0	0	1
1	1	26	228	Take Out
#28	379	390	120	120	Arial	12	1	0	-16777208	8454016				1	Take Out #28	1	0	0	0	0	0	0	0	0	0	1
1	1	27	229	Take Out
#29	379	515	120	120	Arial	12	1	0	-16777208	8454016				1	Take Out #29	1	0	0	0	0	0	0	0	0	0	1
1	1	28	230	Take Out
#30	379	640	120	120	Arial	12	1	0	-16777208	8454016				1	Take Out #30	1	0	0	0	0	0	0	0	0	0	1
1	1	29	231	Take Out
#31	379	765	120	120	Arial	12	1	0	-16777208	8454016				1	Take Out #31	1	0	0	0	0	0	0	0	0	0	1
1	1	30	232	Take Out
#32	379	890	120	120	Arial	12	1	0	-16777208	8454016				1	Take Out #32	1	0	0	0	0	0	0	0	0	0	1
1	1	31	233	Take Out
#33	503	15	120	120	Arial	12	1	0	-16777208	8454016				1	Take Out #33	1	0	0	0	0	0	0	0	0	0	1
1	1	32	234	Take Out
#34	503	140	120	120	Arial	12	1	0	-16777208	8454016				1	Take Out #34	1	0	0	0	0	0	0	0	0	0	1
1	1	33	235	Take Out
#35	503	265	120	120	Arial	12	1	0	-16777208	8454016				1	Take Out #35	1	0	0	0	0	0	0	0	0	0	1
1	1	34	236	Take Out
#36	503	390	120	120	Arial	12	1	0	-16777208	8454016				1	Take Out #36	1	0	0	0	0	0	0	0	0	0	1
1	1	35	237	Take Out
#37	503	515	120	120	Arial	12	1	0	-16777208	8454016				1	Take Out #37	1	0	0	0	0	0	0	0	0	0	1
1	1	36	238	Take Out
#38	503	640	120	120	Arial	12	1	0	-16777208	8454016				1	Take Out #38	1	0	0	0	0	0	0	0	0	0	1
1	1	37	239	Take Out
#39	503	765	120	120	Arial	12	1	0	-16777208	8454016				1	Take Out #39	1	0	0	0	0	0	0	0	0	0	1
1	1	38	240	Take Out
#40	503	890	120	120	Arial	12	1	0	-16777208	8454016				1	Take Out #40	1	0	0	0	0	0	0	0	0	0	1
1	1	39	201	Take Out
#1	7	15	120	120	Arial	12	1	0	-16777208	8454016				1	Take Out #1	1	0	0	0	0	0	0	0	0	0	1
0	2	0	0	>>> Delivery <<< 	0	0	0	0	Arial	12	1	0	-16777208	12632256				1		0	0	0	0	0	0	0	0	0	0	1
1	2	0	242	Delivery
#2	7	140	120	120	Arial	12	1	0	-16777208	4227327				1	Delivery #2	1	1	0	0	0	0	0	0	0	0	1
1	2	1	243	Delivery
#3	7	265	120	120	Arial	12	1	0	-16777208	4227327				1	Delivery #3	1	1	0	0	0	0	0	0	0	0	1
1	2	2	244	Delivery
#4	7	390	120	120	Arial	12	1	0	-16777208	4227327				1	Delivery #4	1	1	0	0	0	0	0	0	0	0	1
1	2	3	245	Delivery
#5	7	515	120	120	Arial	12	1	0	-16777208	4227327				1	Delivery #5	1	1	0	0	0	0	0	0	0	0	1
1	2	4	246	Delivery
#6	7	640	120	120	Arial	12	1	0	-16777208	4227327				1	Delivery #6	1	1	0	0	0	0	0	0	0	0	1
1	2	5	247	Delivery
#7	7	765	120	120	Arial	12	1	0	-16777208	4227327				1	Delivery #7	1	1	0	0	0	0	0	0	0	0	1
1	2	6	248	Delivery
#8	7	890	120	120	Arial	12	1	0	-16777208	4227327				1	Delivery #8	1	1	0	0	0	0	0	0	0	0	1
1	2	7	249	Delivery
#9	131	15	120	120	Arial	12	1	0	-16777208	4227327				1	Delivery #9	1	1	0	0	0	0	0	0	0	0	1
1	2	8	250	Delivery
#10	131	140	120	120	Arial	12	1	0	-16777208	4227327				1	Delivery #10	1	1	0	0	0	0	0	0	0	0	1
1	2	9	251	Delivery
#11	131	265	120	120	Arial	12	1	0	-16777208	4227327				1	Delivery #11	1	1	0	0	0	0	0	0	0	0	1
1	2	10	252	Delivery
#12	131	390	120	120	Arial	12	1	0	-16777208	4227327				1	Delivery #12	1	1	0	0	0	0	0	0	0	0	1
1	2	11	253	Delivery
#13	131	515	120	120	Arial	12	1	0	-16777208	4227327				1	Delivery #13	1	1	0	0	0	0	0	0	0	0	1
1	2	12	254	Delivery
#14	131	640	120	120	Arial	12	1	0	-16777208	4227327				1	Delivery #14	1	1	0	0	0	0	0	0	0	0	1
1	2	13	255	Delivery
#15	131	765	120	120	Arial	12	1	0	-16777208	4227327				1	Delivery #15	1	1	0	0	0	0	0	0	0	0	1
1	2	14	256	Delivery
#16	131	890	120	120	Arial	12	1	0	-16777208	4227327				1	Delivery #16	1	1	0	0	0	0	0	0	0	0	1
1	2	15	257	Delivery
#17	255	15	120	120	Arial	12	1	0	-16777208	4227327				1	Delivery #17	1	1	0	0	0	0	0	0	0	0	1
1	2	16	258	Delivery
#18	255	140	120	120	Arial	12	1	0	-16777208	4227327				1	Delivery #18	1	1	0	0	0	0	0	0	0	0	1
1	2	17	259	Delivery
#19	255	265	120	120	Arial	12	1	0	-16777208	4227327				1	Delivery #19	1	1	0	0	0	0	0	0	0	0	1
1	2	18	260	Delivery
#20	255	390	120	120	Arial	12	1	0	-16777208	4227327				1	Delivery #20	1	1	0	0	0	0	0	0	0	0	1
1	2	19	261	Delivery
#21	255	515	120	120	Arial	12	1	0	-16777208	4227327				1	Delivery #21	1	1	0	0	0	0	0	0	0	0	1
1	2	20	262	Delivery
#22	255	640	120	120	Arial	12	1	0	-16777208	4227327				1	Delivery #22	1	1	0	0	0	0	0	0	0	0	1
1	2	21	263	Delivery
#23	255	765	120	120	Arial	12	1	0	-16777208	4227327				1	Delivery #23	1	1	0	0	0	0	0	0	0	0	1
1	2	22	264	Delivery
#24	255	890	120	120	Arial	12	1	0	-16777208	4227327				1	Delivery #24	1	1	0	0	0	0	0	0	0	0	1
1	2	23	265	Delivery
#25	379	15	120	120	Arial	12	1	0	-16777208	4227327				1	Delivery #25	1	1	0	0	0	0	0	0	0	0	1
1	2	24	266	Delivery
#26	379	140	120	120	Arial	12	1	0	-16777208	4227327				1	Delivery #26	1	1	0	0	0	0	0	0	0	0	1
1	2	25	267	Delivery
#27	379	265	120	120	Arial	12	1	0	-16777208	4227327				1	Delivery #27	1	1	0	0	0	0	0	0	0	0	1
1	2	26	268	Delivery
#28	379	390	120	120	Arial	12	1	0	-16777208	4227327				1	Delivery #28	1	1	0	0	0	0	0	0	0	0	1
1	2	27	269	Delivery
#29	379	515	120	120	Arial	12	1	0	-16777208	4227327				1	Delivery #29	1	1	0	0	0	0	0	0	0	0	1
1	2	28	270	Delivery
#30	379	640	120	120	Arial	12	1	0	-16777208	4227327				1	Delivery #30	1	1	0	0	0	0	0	0	0	0	1
1	2	29	271	Delivery
#31	379	765	120	120	Arial	12	1	0	-16777208	4227327				1	Delivery #31	1	1	0	0	0	0	0	0	0	0	1
1	2	30	272	Delivery
#32	379	890	120	120	Arial	12	1	0	-16777208	4227327				1	Delivery #32	1	1	0	0	0	0	0	0	0	0	1
1	2	31	273	Delivery
#33	503	15	120	120	Arial	12	1	0	-16777208	4227327				1	Delivery #33	1	1	0	0	0	0	0	0	0	0	1
1	2	32	274	Delivery
#34	503	140	120	120	Arial	12	1	0	-16777208	4227327				1	Delivery #34	1	1	0	0	0	0	0	0	0	0	1
1	2	33	275	Delivery
#35	503	265	120	120	Arial	12	1	0	-16777208	4227327				1	Delivery #35	1	1	0	0	0	0	0	0	0	0	1
1	2	34	276	Delivery
#36	503	390	120	120	Arial	12	1	0	-16777208	4227327				1	Delivery #36	1	1	0	0	0	0	0	0	0	0	1
1	2	35	277	Delivery
#37	503	515	120	120	Arial	12	1	0	-16777208	4227327				1	Delivery #37	1	1	0	0	0	0	0	0	0	0	1
1	2	36	278	Delivery
#38	503	640	120	120	Arial	12	1	0	-16777208	4227327				1	Delivery #38	1	1	0	0	0	0	0	0	0	0	1
1	2	37	279	Delivery
#39	503	765	120	120	Arial	12	1	0	-16777208	4227327				1	Delivery #39	1	1	0	0	0	0	0	0	0	0	1
1	2	38	280	Delivery
#40	503	890	120	120	Arial	12	1	0	-16777208	4227327				1	Delivery #40	1	1	0	0	0	0	0	0	0	0	1
1	2	39	241	Delivery
#1	7	15	120	120	Arial	12	1	0	-16777208	4227327				1	Delivery #1	1	1	0	0	0	0	0	0	0	0	1
