Level	TabIndex	ControlIndex	TableID	Caption	AlignTop	AlignLeft	Height	Width	FontName	FontSize	FontBold	FontItalic	FontColor	Color	ImageFileName	TableImage	TableImageFileType	LayoutModeType	TableName	TakeOut	Delivery	Online	StayOn	ApplySpecialPricing	SpecialPricingRate	BellNumber	StationID	OnlineOrderCompanyID	AccessPermissionRequired
0	0	0	0	Sushi Hama      	0	0	0	0	Arial	12	1	0	-16777208	12632256				1		0	0	0	0	0	0	0	0	0	0
1	0	0	202	TakeOut #2	22	775	110	110	Arial	14	1	0	-16777208	8454016				1	TakeOut #2	1	0	0	0	0	0	0	0	0	0
1	0	1	204	TakeOut #4	137	659	110	110	Arial	14	1	0	-16777208	8454016				1	TakeOut #4	1	0	0	0	0	0	0	0	0	0
1	0	2	206	TakeOut #6	137	890	110	110	Arial	14	1	0	-16777208	8454016				1	TakeOut #6	1	0	0	0	0	0	0	0	0	0
1	0	3	205	TakeOut #5	137	775	110	110	Arial	14	1	0	-16777208	8454016				1	TakeOut #5	1	0	0	0	0	0	0	0	0	0
1	0	4	201	TakeOut #1	22	659	110	110	Arial	14	1	0	-16777208	8454016				1	TakeOut #1	1	0	0	0	0	0	0	0	0	0
1	0	5	203	TakeOut #3	22	890	110	110	Arial	14	1	0	-16777208	8454016				1	TakeOut #3	1	0	0	0	0	0	0	0	0	0
1	0	6	0		5	625	622	20	Arial	12	1	0	-16777208	0				1		0	0	0	0	0	0	0	0	0	0
1	0	7	3	T 7	5	522	85	100	Arial	14	1	0	-16777208	16749973				1	T 7	0	0	0	0	0	0	0	0	0	0
1	0	8	11	T 13	456	522	85	100	Arial	14	1	0	-16777208	16749973				1	T 13	0	0	0	0	0	0	0	0	0	0
1	0	9	6	T 8	96	522	85	100	Arial	14	1	0	-16777208	16749973				1	T 8	0	0	0	0	0	0	0	0	0	0
1	0	10	17	T 5	4	74	85	100	Arial	14	1	0	-16777208	16749973				1	T 5	0	0	0	0	0	0	0	0	0	0
1	0	11	14	T 2	258	74	85	100	Arial	14	1	0	-16777208	16749973				1	T 2	0	0	0	0	0	0	0	0	0	0
1	0	12	4	T 20	307	243	85	100	Arial	14	1	0	-16777208	16749973				1	T 20	0	0	0	0	0	0	0	0	0	0
1	0	13	13	T 1	399	5	85	100	Arial	14	1	0	-16777208	16749973				1	T 1	0	0	0	0	0	0	0	0	0	0
1	0	14	16	T 4	92	74	85	100	Arial	14	1	0	-16777208	0				1	T 4	0	0	0	0	0	0	0	0	0	0
1	0	15	15	T 3	180	74	76	100	Arial	14	1	0	-16777208	0				1	T 3	0	0	0	0	0	0	0	0	0	0
1	0	16	2	T 9	93	289	85	100	Arial	14	1	0	-16777208	0				1	T 9	0	0	0	0	0	0	0	0	0	0
1	0	17	20	T 19	207	242	85	100	Arial	14	1	0	-16777208	0				1	T 19	0	0	0	0	0	0	0	0	0	0
1	0	18	8	T 14	545	522	85	100	Arial	14	1	0	-16777208	0				1	T 14	0	0	0	0	0	0	0	0	0	0
1	0	19	10	T 16	401	297	85	100	Arial	14	1	0	-16777208	-1				1	T 16	0	0	0	0	0	0	0	0	0	0
1	0	20	18	T 15	497	296	85	100	Arial	14	1	0	-16777208	0				1	T 15	0	0	0	0	0	0	0	0	0	0
1	0	21	207	Delivery
#1	252	659	110	110	Arial	14	1	0	-16777208	8421631				1	Delivery #1	1	1	0	0	0	0	0	0	0	0
1	0	22	208	Delivery
#2	252	775	110	110	Arial	14	1	0	-16777208	8421631				1	Delivery #2	1	1	0	0	0	0	0	0	0	0
1	0	23	209	Delivery
#3	252	890	110	110	Arial	14	1	0	-16777208	8421631				1	Delivery #3	1	1	0	0	0	0	0	0	0	0
1	0	24	210	Delivery
#4	367	659	110	110	Arial	14	1	0	-16777208	8421631				1	Delivery #4	1	1	0	0	0	0	0	0	0	0
1	0	25	211	Delivery
#5	367	775	110	110	Arial	14	1	0	-16777208	8421631				1	Delivery #5	1	1	0	0	0	0	0	0	0	0
1	0	26	212	Delivery
#6	367	890	110	110	Arial	14	1	0	-16777208	8421631				1	Delivery #6	1	1	0	0	0	0	0	0	0	0
1	0	27	213	Delivery
#7	482	659	110	110	Arial	14	1	0	-16777208	8421631				1	Delivery #7	1	1	0	0	0	0	0	0	0	0
1	0	28	214	Delivery
#8	482	775	110	110	Arial	14	1	0	-16777208	8421631				1	Delivery #8	1	1	0	0	0	0	0	0	0	0
1	0	29	215	Delivery
#9	482	890	110	110	Arial	14	1	0	-16777208	8421631				1	Delivery #9	1	1	0	0	0	0	0	0	0	0
1	0	30	7	T 18	208	352	85	100	Arial	14	1	0	-16777208	16749973				1	T 18	0	0	0	0	0	0	0	0	0	0
1	0	31	5	T 10	189	522	85	100	Arial	14	1	0	-16777208	16749973				1	T 10	0	0	0	0	0	0	0	0	0	0
1	0	32	9	T 11	280	522	85	100	Arial	14	1	0	-16777208	16777088				1	T 11	0	0	0	0	0	0	0	0	0	0
1	0	33	12	T 12	368	522	85	100	Arial	14	1	0	-16777208	16777088				1	T 12	0	0	0	0	0	0	0	0	0	0
1	0	34	19	T 17	306	354	85	100	Arial	14	1	0	-16777208	12615808				1	T 17	0	0	0	0	0	0	0	0	0	0
1	0	35	1	T 6	0	289	85	100	Arial	14	1	0	-16777208	-1				1	T 6	0	0	0	0	0	0	0	0	0	0
0	1	0	0	Patio             	0	0	0	0	Arial	12	1	0	-16777208	12632256				1		0	0	0	0	0	0	0	0	0	0
1	1	0	216	Delivery
#1	25	590	93	123	Arial	12	1	0	-16777208	-16777201				1	Delivery #1	1	1	0	0	0	0	0	0	0	0
1	1	1	217	Delivery
#1	25	720	93	124	Arial	12	1	0	-16777208	-16777201				1	Delivery #1	1	1	0	0	0	0	0	0	0	0
1	1	2	218	Delivery
#1	124	591	93	123	Arial	12	1	0	-16777208	-16777201				1	Delivery #1	1	1	0	0	0	0	0	0	0	0
1	1	3	219	Delivery
#1	124	719	93	124	Arial	12	1	0	-16777208	-16777201				1	Delivery #1	1	1	0	0	0	0	0	0	0	0
1	1	4	220	Delivery
#1	222	591	93	123	Arial	12	1	0	-16777208	-16777201				1	Delivery #1	1	1	0	0	0	0	0	0	0	0
1	1	5	221	Delivery
#1	222	718	93	123	Arial	12	1	0	-16777208	-16777201				1	Delivery #1	1	1	0	0	0	0	0	0	0	0
1	1	6	222	Delivery
#1	323	591	93	123	Arial	12	1	0	-16777208	-16777201				1	Delivery #1	1	1	0	0	0	0	0	0	0	0
1	1	7	223	Delivery
#1	323	718	93	123	Arial	12	1	0	-16777208	-16777201				1	Delivery #1	1	1	0	0	0	0	0	0	0	0
1	1	8	224	Delivery
#1	420	591	93	123	Arial	12	1	0	-16777208	-16777201				1	Delivery #1	1	1	0	0	0	0	0	0	0	0
1	1	9	225	Delivery
#1	420	718	93	123	Arial	12	1	0	-16777208	-16777201				1	Delivery #1	1	1	0	0	0	0	0	0	0	0
1	1	10	226	Delivery
#1	519	591	93	123	Arial	12	1	0	-16777208	-16777201				1	Delivery #1	1	1	0	0	0	0	0	0	0	0
1	1	11	227	Delivery
#1	519	718	93	123	Arial	12	1	0	-16777208	-16777201				1	Delivery #1	1	1	0	0	0	0	0	0	0	0
1	1	12	21	Patio 1	107	63	100	120	Arial	12	1	0	-16777208	15858602				1	Patio 1	0	0	0	0	0	0	0	0	0	0
1	1	13	24	Patio 3	107	421	100	120	Arial	12	1	0	-16777208	15858602				1	Patio 3	0	0	0	0	0	0	0	0	0	0
1	1	14	23	Patio 2	109	242	100	120	Arial	12	1	0	-16777208	15858602				1	Patio 2	0	0	0	0	0	0	0	0	0	0
1	1	15	25	Patio 4	298	248	100	120	Arial	12	1	0	-16777208	15858602				1	Patio 4	0	0	0	0	0	0	0	0	0	0
1	1	16	22	Patio 6	300	430	100	116	Arial	12	1	0	-16777208	16777088				1	Patio 6	0	0	0	0	0	0	0	0	0	0
1	1	17	26	Patio 5	297	64	100	120	Arial	12	1	0	-16777208	16777088				1	Patio 5	0	0	0	0	0	0	0	0	0	0
1	1	18	27	Table
#27	444	68	70	120	Arial	12	1	0	-16777208	-16777201				1	Table #27	0	0	0	0	0	0	0	0	0	0
1	1	19	28	Table
#28	442	251	70	120	Arial	12	1	0	-16777208	-16777201				1	Table #28	0	0	0	0	0	0	0	0	0	0
1	1	20	29	Table
#29	441	418	70	120	Arial	12	1	0	-16777208	-16777201				1	Table #29	0	0	0	0	0	0	0	0	0	0
1	1	21	30	Table
#30	532	67	70	120	Arial	12	1	0	-16777208	-16777201				1	Table #30	0	0	0	0	0	0	0	0	0	0
1	1	22	31	Table
#31	531	254	70	120	Arial	12	1	0	-16777208	-16777201				1	Table #31	0	0	0	0	0	0	0	0	0	0
1	1	23	32	Table
#32	528	419	70	120	Arial	12	1	0	-16777208	-16777201				1	Table #32	0	0	0	0	0	0	0	0	0	0
